 Incident particle is a   Muon with M =   105.65839 MeV
 Index =  104:  air (dry, 1 atm)
      Absorber with <Z/A> =  0.49919, density = $ 1.205 \times10^{- 3}$          
 Sternheimer coef:  a     k=m_s   x_0    x_1    I[eV]   Cbar  delta0 
                 0.1091  3.3994  1.7418  4.2759   85.7 10.5961 0.00
 (Restricted energy loss for Tcut = 0.05 MeV
 Table written with (1X, 1P9E10.3,0PF8.4,f8.5,1pE10.3)          post-Born included in pair prod
 *** Results below 10 MeV are not dependable *** Ignore 1.0 MeV entries ***
      T         p     Ionization  brems     pair     photonuc  Radloss    dE/dx   CSDA Range  delta   beta   dE/dx_R
    [MeV]    [MeV/c]  -----------------------[MeV cm^2/g]------------------------  [g/cm^2]                [MeV cm^2/g]
  1.000E+00 1.457E+01 3.282E+00 0.000E+00 0.000E+00 4.936E-05 4.936E-05 6.565E+00 2.150E-03  0.0000 0.13661 4.436E+01
  1.200E+00 1.597E+01 3.830E+01 0.000E+00 0.000E+00 4.946E-05 4.946E-05 3.830E+01 7.018E-03  0.0000 0.14944 3.830E+01
  1.400E+00 1.726E+01 3.381E+01 0.000E+00 0.000E+00 4.955E-05 4.955E-05 3.381E+01 1.259E-02  0.0000 0.16119 3.381E+01
  1.700E+00 1.903E+01 2.889E+01 0.000E+00 0.000E+00 4.969E-05 4.969E-05 2.889E+01 2.222E-02  0.0000 0.17725 2.889E+01
  2.000E+00 2.066E+01 2.532E+01 0.000E+00 0.000E+00 4.983E-05 4.983E-05 2.532E+01 3.334E-02  0.0000 0.19186 2.532E+01
  2.500E+00 2.312E+01 2.112E+01 0.000E+00 0.000E+00 5.006E-05 5.006E-05 2.112E+01 5.506E-02  0.0000 0.21376 2.112E+01
  3.000E+00 2.536E+01 1.822E+01 0.000E+00 0.000E+00 5.029E-05 5.029E-05 1.822E+01 8.063E-02  0.0000 0.23336 1.801E+01
  3.500E+00 2.742E+01 1.608E+01 0.000E+00 0.000E+00 5.052E-05 5.052E-05 1.608E+01 1.099E-01  0.0000 0.25120 1.573E+01
  4.000E+00 2.935E+01 1.444E+01 0.000E+00 0.000E+00 5.075E-05 5.075E-05 1.444E+01 1.428E-01  0.0000 0.26763 1.399E+01
  4.500E+00 3.116E+01 1.314E+01 0.000E+00 0.000E+00 5.098E-05 5.098E-05 1.314E+01 1.791E-01  0.0000 0.28290 1.263E+01
  5.000E+00 3.289E+01 1.208E+01 0.000E+00 0.000E+00 5.122E-05 5.122E-05 1.208E+01 2.188E-01  0.0000 0.29720 1.153E+01
  5.500E+00 3.453E+01 1.119E+01 0.000E+00 0.000E+00 5.145E-05 5.145E-05 1.119E+01 2.619E-01  0.0000 0.31066 1.062E+01
  6.000E+00 3.611E+01 1.045E+01 0.000E+00 0.000E+00 5.168E-05 5.168E-05 1.045E+01 3.081E-01  0.0000 0.32339 9.864E+00
  7.000E+00 3.909E+01 9.258E+00 0.000E+00 0.000E+00 5.214E-05 5.214E-05 9.258E+00 4.100E-01  0.0000 0.34700 8.659E+00
  8.000E+00 4.189E+01 8.346E+00 0.000E+00 0.000E+00 5.260E-05 5.260E-05 8.346E+00 5.240E-01  0.0000 0.36854 7.746E+00
  9.000E+00 4.453E+01 7.625E+00 0.000E+00 0.000E+00 5.307E-05 5.307E-05 7.625E+00 6.495E-01  0.0000 0.38836 7.030E+00
  1.000E+01 4.704E+01 7.039E+00 0.000E+00 0.000E+00 5.353E-05 5.353E-05 7.039E+00 7.862E-01  0.0000 0.40675 6.453E+00
  1.200E+01 5.177E+01 6.145E+00 0.000E+00 0.000E+00 5.446E-05 5.446E-05 6.145E+00 1.091E+00  0.0000 0.43998 5.581E+00
  1.400E+01 5.616E+01 5.494E+00 0.000E+00 0.000E+00 5.538E-05 5.538E-05 5.495E+00 1.436E+00  0.0000 0.46937 4.951E+00
  1.700E+01 6.230E+01 4.793E+00 0.000E+00 0.000E+00 5.677E-05 5.677E-05 4.793E+00 2.023E+00  0.0000 0.50792 4.279E+00
  2.000E+01 6.802E+01 4.294E+00 0.000E+00 0.000E+00 5.816E-05 5.816E-05 4.294E+00 2.686E+00  0.0000 0.54129 3.805E+00
  2.500E+01 7.686E+01 3.720E+00 0.000E+00 0.000E+00 6.047E-05 6.047E-05 3.720E+00 3.942E+00  0.0000 0.58827 3.265E+00
  3.000E+01 8.509E+01 3.333E+00 0.000E+00 0.000E+00 6.279E-05 6.279E-05 3.333E+00 5.366E+00  0.0000 0.62720 2.903E+00
  3.500E+01 9.285E+01 3.056E+00 0.000E+00 0.000E+00 6.510E-05 6.510E-05 3.056E+00 6.936E+00  0.0000 0.66011 2.644E+00
  4.000E+01 1.003E+02 2.847E+00 0.000E+00 0.000E+00 6.741E-05 6.741E-05 2.847E+00 8.633E+00  0.0000 0.68834 2.451E+00
  4.500E+01 1.074E+02 2.686E+00 0.000E+00 0.000E+00 6.973E-05 6.973E-05 2.686E+00 1.044E+01  0.0000 0.71286 2.301E+00
  5.000E+01 1.143E+02 2.558E+00 4.718E-07 0.000E+00 7.204E-05 7.251E-05 2.558E+00 1.235E+01  0.0000 0.73434 2.182E+00
  5.500E+01 1.210E+02 2.454E+00 1.057E-06 0.000E+00 7.436E-05 7.541E-05 2.454E+00 1.435E+01  0.0000 0.75332 2.085E+00
  6.000E+01 1.276E+02 2.368E+00 1.661E-06 0.000E+00 7.667E-05 7.833E-05 2.368E+00 1.642E+01  0.0000 0.77019 2.005E+00
  7.000E+01 1.403E+02 2.236E+00 2.917E-06 0.000E+00 8.130E-05 8.422E-05 2.236E+00 2.078E+01  0.0000 0.79887 1.881E+00
  8.000E+01 1.527E+02 2.140E+00 4.238E-06 0.000E+00 8.593E-05 9.017E-05 2.140E+00 2.535E+01  0.0000 0.82227 1.791E+00
  9.000E+01 1.647E+02 2.068E+00 5.619E-06 0.000E+00 9.056E-05 9.617E-05 2.068E+00 3.011E+01  0.0000 0.84166 1.722E+00
  1.000E+02 1.764E+02 2.013E+00 7.057E-06 0.000E+00 9.518E-05 1.022E-04 2.014E+00 3.501E+01  0.0000 0.85794 1.669E+00
  1.200E+02 1.994E+02 1.937E+00 1.010E-05 0.000E+00 1.044E-04 1.145E-04 1.937E+00 4.515E+01  0.0000 0.88361 1.594E+00
  1.400E+02 2.218E+02 1.889E+00 1.333E-05 0.000E+00 1.137E-04 1.270E-04 1.889E+00 5.562E+01  0.0000 0.90278 1.544E+00
  1.700E+02 2.546E+02 1.848E+00 1.853E-05 0.000E+00 1.276E-04 1.461E-04 1.848E+00 7.169E+01  0.0000 0.92363 1.496E+00
  2.000E+02 2.868E+02 1.827E+00 2.409E-05 0.000E+00 1.415E-04 1.656E-04 1.827E+00 8.803E+01  0.0000 0.93835 1.468E+00
  2.500E+02 3.396E+02 1.816E+00 3.408E-05 0.000E+00 1.646E-04 1.987E-04 1.816E+00 1.155E+02  0.0000 0.95485 1.444E+00
  2.572E+02 3.471E+02 1.815E+00 4.487E-05 0.000E+00 1.877E-04 2.326E-04 1.819E+00  Minimum ionization
  3.000E+02 3.917E+02 1.819E+00 4.487E-05 0.000E+00 1.877E-04 2.326E-04 1.819E+00 1.430E+02  0.0000 0.96548 1.434E+00
  3.500E+02 4.432E+02 1.830E+00 5.635E-05 0.000E+00 2.109E-04 2.672E-04 1.830E+00 1.704E+02  0.0000 0.97274 1.432E+00
  4.000E+02 4.945E+02 1.844E+00 6.844E-05 0.000E+00 2.340E-04 3.025E-04 1.844E+00 1.977E+02  0.0000 0.97793 1.433E+00
  4.500E+02 5.455E+02 1.859E+00 8.110E-05 0.000E+00 2.572E-04 3.383E-04 1.860E+00 2.247E+02  0.0000 0.98176 1.437E+00
  5.000E+02 5.964E+02 1.875E+00 9.426E-05 0.000E+00 2.803E-04 3.746E-04 1.876E+00 2.514E+02  0.0000 0.98467 1.442E+00
  5.500E+02 6.471E+02 1.892E+00 1.079E-04 0.000E+00 3.035E-04 4.113E-04 1.892E+00 2.780E+02  0.0000 0.98693 1.448E+00
  6.000E+02 6.977E+02 1.908E+00 1.219E-04 0.000E+00 3.266E-04 4.485E-04 1.908E+00 3.043E+02  0.0000 0.98873 1.454E+00
  7.000E+02 7.987E+02 1.939E+00 1.512E-04 0.000E+00 3.729E-04 5.241E-04 1.939E+00 3.563E+02  0.0000 0.99136 1.467E+00
  8.000E+02 8.995E+02 1.968E+00 1.819E-04 0.000E+00 4.192E-04 6.010E-04 1.968E+00 4.074E+02  0.0000 0.99317 1.480E+00
  9.000E+02 1.000E+03 1.995E+00 2.138E-04 0.000E+00 4.654E-04 6.792E-04 1.995E+00 4.579E+02  0.0000 0.99447 1.493E+00
  1.000E+03 1.101E+03 2.020E+00 2.468E-04 7.956E-06 5.117E-04 7.665E-04 2.021E+00 5.077E+02  0.0000 0.99542 1.505E+00
  1.200E+03 1.301E+03 2.065E+00 3.158E-04 5.370E-05 6.043E-04 9.738E-04 2.066E+00 6.055E+02  0.0000 0.99672 1.526E+00
  1.400E+03 1.502E+03 2.105E+00 3.883E-04 1.057E-04 6.969E-04 1.191E-03 2.106E+00 7.014E+02  0.0000 0.99753 1.546E+00
  1.700E+03 1.803E+03 2.157E+00 5.025E-04 1.937E-04 8.357E-04 1.532E-03 2.159E+00 8.420E+02  0.0000 0.99829 1.571E+00
  2.000E+03 2.103E+03 2.201E+00 6.224E-04 2.920E-04 9.778E-04 1.892E-03 2.203E+00 9.796E+02  0.0000 0.99874 1.594E+00
  2.500E+03 2.604E+03 2.263E+00 8.325E-04 4.746E-04 1.226E-03 2.534E-03 2.266E+00 1.203E+03  0.0000 0.99918 1.625E+00
  3.000E+03 3.104E+03 2.314E+00 1.053E-03 6.769E-04 1.478E-03 3.208E-03 2.318E+00 1.421E+03  0.0000 0.99942 1.651E+00
  3.500E+03 3.604E+03 2.358E+00 1.284E-03 8.957E-04 1.732E-03 3.911E-03 2.362E+00 1.635E+03  0.0000 0.99957 1.673E+00
  4.000E+03 4.104E+03 2.396E+00 1.521E-03 1.129E-03 1.988E-03 4.638E-03 2.401E+00 1.845E+03  0.0000 0.99967 1.693E+00
  4.500E+03 4.604E+03 2.429E+00 1.766E-03 1.374E-03 2.246E-03 5.386E-03 2.435E+00 2.052E+03  0.0000 0.99974 1.710E+00
  5.000E+03 5.105E+03 2.459E+00 2.018E-03 1.633E-03 2.500E-03 6.151E-03 2.465E+00 2.256E+03  0.0000 0.99979 1.726E+00
  5.500E+03 5.605E+03 2.486E+00 2.280E-03 1.913E-03 2.734E-03 6.927E-03 2.493E+00 2.457E+03  0.0000 0.99982 1.740E+00
  6.000E+03 6.105E+03 2.509E+00 2.547E-03 2.203E-03 2.967E-03 7.717E-03 2.517E+00 2.657E+03  0.0236 0.99985 1.751E+00
  7.000E+03 7.105E+03 2.546E+00 3.095E-03 2.810E-03 3.431E-03 9.336E-03 2.556E+00 3.051E+03  0.1107 0.99989 1.768E+00
  8.000E+03 8.105E+03 2.577E+00 3.661E-03 3.449E-03 3.892E-03 1.100E-02 2.588E+00 3.440E+03  0.1972 0.99992 1.781E+00
  9.000E+03 9.105E+03 2.604E+00 4.242E-03 4.116E-03 4.350E-03 1.271E-02 2.617E+00 3.824E+03  0.2819 0.99993 1.793E+00
  1.000E+04 1.011E+04 2.627E+00 4.838E-03 4.811E-03 4.805E-03 1.445E-02 2.642E+00 4.204E+03  0.3641 0.99995 1.802E+00
  1.200E+04 1.211E+04 2.666E+00 6.075E-03 6.308E-03 5.689E-03 1.807E-02 2.684E+00 4.955E+03  0.5203 0.99996 1.818E+00
  1.400E+04 1.411E+04 2.698E+00 7.356E-03 7.887E-03 6.562E-03 2.180E-02 2.720E+00 5.695E+03  0.6656 0.99997 1.830E+00
  1.700E+04 1.711E+04 2.736E+00 9.343E-03 1.039E-02 7.856E-03 2.758E-02 2.764E+00 6.789E+03  0.8652 0.99998 1.844E+00
  2.000E+04 2.011E+04 2.767E+00 1.140E-02 1.302E-02 9.133E-03 3.355E-02 2.800E+00 7.867E+03  1.0457 0.99999 1.855E+00
  2.500E+04 2.511E+04 2.807E+00 1.497E-02 1.773E-02 1.126E-02 4.396E-02 2.851E+00 9.636E+03  1.3126 0.99999 1.869E+00
  3.000E+04 3.011E+04 2.838E+00 1.867E-02 2.271E-02 1.337E-02 5.475E-02 2.893E+00 1.138E+04  1.5460 0.99999 1.879E+00
  3.500E+04 3.511E+04 2.864E+00 2.248E-02 2.792E-02 1.545E-02 6.584E-02 2.929E+00 1.309E+04  1.7534 1.00000 1.887E+00
  4.000E+04 4.011E+04 2.885E+00 2.638E-02 3.331E-02 1.751E-02 7.720E-02 2.962E+00 1.479E+04  1.9403 1.00000 1.893E+00
  4.500E+04 4.511E+04 2.903E+00 3.036E-02 3.887E-02 1.956E-02 8.879E-02 2.992E+00 1.647E+04  2.1104 1.00000 1.898E+00
  5.000E+04 5.011E+04 2.919E+00 3.442E-02 4.457E-02 2.160E-02 1.006E-01 3.019E+00 1.813E+04  2.2665 1.00000 1.902E+00
  5.500E+04 5.511E+04 2.932E+00 3.853E-02 5.032E-02 2.366E-02 1.125E-01 3.045E+00 1.978E+04  2.4109 1.00000 1.905E+00
  6.000E+04 6.011E+04 2.945E+00 4.270E-02 5.618E-02 2.573E-02 1.246E-01 3.069E+00 2.142E+04  2.5451 1.00000 1.908E+00
  7.000E+04 7.011E+04 2.966E+00 5.119E-02 6.819E-02 2.983E-02 1.492E-01 3.116E+00 2.465E+04  2.7886 1.00000 1.913E+00
  8.000E+04 8.011E+04 2.984E+00 5.986E-02 8.057E-02 3.391E-02 1.743E-01 3.159E+00 2.784E+04  3.0050 1.00000 1.917E+00
  9.000E+04 9.011E+04 3.000E+00 6.870E-02 9.325E-02 3.797E-02 1.999E-01 3.200E+00 3.099E+04  3.1999 1.00000 1.920E+00
  1.000E+05 1.001E+05 3.014E+00 7.767E-02 1.062E-01 4.201E-02 2.259E-01 3.239E+00 3.409E+04  3.3773 1.00000 1.923E+00
  1.200E+05 1.201E+05 3.036E+00 9.588E-02 1.324E-01 5.022E-02 2.785E-01 3.315E+00 4.019E+04  3.6904 1.00000 1.927E+00
  1.400E+05 1.401E+05 3.055E+00 1.145E-01 1.594E-01 5.840E-02 3.323E-01 3.388E+00 4.616E+04  3.9610 1.00000 1.929E+00
  1.700E+05 1.701E+05 3.078E+00 1.431E-01 2.011E-01 7.063E-02 4.148E-01 3.493E+00 5.488E+04  4.3088 1.00000 1.933E+00
  2.000E+05 2.001E+05 3.097E+00 1.723E-01 2.439E-01 8.282E-02 4.990E-01 3.596E+00 6.335E+04  4.6053 1.00000 1.935E+00
  2.500E+05 2.501E+05 3.122E+00 2.214E-01 3.147E-01 1.035E-01 6.396E-01 3.762E+00 7.694E+04  5.0195 1.00000 1.937E+00
  3.000E+05 3.001E+05 3.143E+00 2.717E-01 3.872E-01 1.241E-01 7.830E-01 3.926E+00 8.995E+04  5.3634 1.00000 1.939E+00
  3.500E+05 3.501E+05 3.159E+00 3.228E-01 4.613E-01 1.447E-01 9.288E-01 4.088E+00 1.024E+05  5.6576 1.00000 1.940E+00
  4.000E+05 4.001E+05 3.174E+00 3.748E-01 5.366E-01 1.653E-01 1.077E+00 4.251E+00 1.144E+05  5.9145 1.00000 1.941E+00
  4.500E+05 4.501E+05 3.186E+00 4.274E-01 6.130E-01 1.859E-01 1.226E+00 4.413E+00 1.260E+05  6.1427 1.00000 1.941E+00
  5.000E+05 5.001E+05 3.198E+00 4.806E-01 6.903E-01 2.065E-01 1.377E+00 4.575E+00 1.371E+05  6.3479 1.00000 1.942E+00
  5.500E+05 5.501E+05 3.208E+00 5.335E-01 7.668E-01 2.277E-01 1.528E+00 4.736E+00 1.478E+05  6.5344 1.00000 1.942E+00
  6.000E+05 6.001E+05 3.217E+00 5.868E-01 8.439E-01 2.489E-01 1.680E+00 4.897E+00 1.582E+05  6.7051 1.00000 1.942E+00
  7.000E+05 7.001E+05 3.233E+00 6.945E-01 9.998E-01 2.915E-01 1.986E+00 5.219E+00 1.780E+05  7.0089 1.00000 1.942E+00
  8.000E+05 8.001E+05 3.247E+00 8.035E-01 1.158E+00 3.342E-01 2.295E+00 5.543E+00 1.966E+05  7.2732 1.00000 1.943E+00
  9.000E+05 9.001E+05 3.260E+00 9.137E-01 1.318E+00 3.770E-01 2.608E+00 5.868E+00 2.141E+05  7.5070 1.00000 1.943E+00
  1.000E+06 1.000E+06 3.271E+00 1.025E+00 1.479E+00 4.199E-01 2.924E+00 6.195E+00 2.307E+05  7.7165 1.00000 1.943E+00
  1.115E+06 1.115E+06 3.282E+00 1.152E+00 1.661E+00 4.701E-01 3.283E+00 6.565E+00  Muon critical energy       
  1.200E+06 1.200E+06 3.290E+00 1.246E+00 1.796E+00 5.074E-01 3.550E+00 6.840E+00 2.614E+05  8.0800 1.00000 1.943E+00
  1.400E+06 1.400E+06 3.306E+00 1.471E+00 2.117E+00 5.955E-01 4.183E+00 7.490E+00 2.893E+05  8.3878 1.00000 1.943E+00
  1.700E+06 1.700E+06 3.327E+00 1.811E+00 2.604E+00 7.285E-01 5.143E+00 8.470E+00 3.270E+05  8.7759 1.00000 1.943E+00
  2.000E+06 2.000E+06 3.344E+00 2.155E+00 3.095E+00 8.623E-01 6.113E+00 9.457E+00 3.605E+05  9.1009 1.00000 1.943E+00
  2.500E+06 2.500E+06 3.368E+00 2.726E+00 3.906E+00 1.091E+00 7.722E+00 1.109E+01 4.093E+05  9.5472 1.00000 1.943E+00
  3.000E+06 3.000E+06 3.388E+00 3.302E+00 4.723E+00 1.321E+00 9.347E+00 1.273E+01 4.513E+05  9.9118 1.00000 1.943E+00
  3.500E+06 3.500E+06 3.405E+00 3.883E+00 5.546E+00 1.553E+00 1.098E+01 1.439E+01 4.882E+05 10.2201 1.00000 1.943E+00
  4.000E+06 4.000E+06 3.420E+00 4.469E+00 6.374E+00 1.788E+00 1.263E+01 1.605E+01 5.211E+05 10.4871 1.00000 1.943E+00
  4.500E+06 4.500E+06 3.433E+00 5.057E+00 7.206E+00 2.023E+00 1.429E+01 1.772E+01 5.508E+05 10.7227 1.00000 1.943E+00
  5.000E+06 5.000E+06 3.444E+00 5.649E+00 8.041E+00 2.260E+00 1.595E+01 1.939E+01 5.777E+05 10.9334 1.00000 1.943E+00
  5.500E+06 5.500E+06 3.455E+00 6.235E+00 8.867E+00 2.502E+00 1.760E+01 2.106E+01 6.025E+05 11.1240 1.00000 1.943E+00
  6.000E+06 6.000E+06 3.465E+00 6.823E+00 9.695E+00 2.745E+00 1.926E+01 2.273E+01 6.253E+05 11.2981 1.00000 1.943E+00
  7.000E+06 7.000E+06 3.482E+00 8.003E+00 1.136E+01 3.235E+00 2.259E+01 2.608E+01 6.664E+05 11.6063 1.00000 1.943E+00
  8.000E+06 8.000E+06 3.497E+00 9.189E+00 1.302E+01 3.730E+00 2.594E+01 2.944E+01 7.024E+05 11.8734 1.00000 1.943E+00
  9.000E+06 9.000E+06 3.510E+00 1.038E+01 1.469E+01 4.229E+00 2.930E+01 3.281E+01 7.346E+05 12.1090 1.00000 1.943E+00
  1.000E+07 1.000E+07 3.522E+00 1.157E+01 1.637E+01 4.730E+00 3.267E+01 3.620E+01 7.636E+05 12.3197 1.00000 1.943E+00
  1.200E+07 1.200E+07 3.543E+00 1.395E+01 1.970E+01 5.754E+00 3.941E+01 4.295E+01 8.143E+05 12.6843 1.00000 1.943E+00
  1.400E+07 1.400E+07 3.561E+00 1.634E+01 2.304E+01 6.790E+00 4.617E+01 4.973E+01 8.575E+05 12.9926 1.00000 1.943E+00
  1.700E+07 1.700E+07 3.584E+00 1.993E+01 2.806E+01 8.363E+00 5.635E+01 5.994E+01 9.124E+05 13.3809 1.00000 1.943E+00
  2.000E+07 2.000E+07 3.603E+00 2.353E+01 3.310E+01 9.955E+00 6.659E+01 7.019E+01 9.586E+05 13.7060 1.00000 1.943E+00
  2.500E+07 2.500E+07 3.630E+00 2.952E+01 4.146E+01 1.268E+01 8.366E+01 8.729E+01 1.022E+06 14.1523 1.00000 1.943E+00
  3.000E+07 3.000E+07 3.652E+00 3.552E+01 4.984E+01 1.545E+01 1.008E+02 1.045E+02 1.075E+06 14.5169 1.00000 1.943E+00
  3.500E+07 3.500E+07 3.670E+00 4.154E+01 5.823E+01 1.825E+01 1.180E+02 1.217E+02 1.119E+06 14.8252 1.00000 1.943E+00
  4.000E+07 4.000E+07 3.686E+00 4.756E+01 6.663E+01 2.108E+01 1.353E+02 1.390E+02 1.157E+06 15.0923 1.00000 1.943E+00
  4.500E+07 4.500E+07 3.701E+00 5.361E+01 7.505E+01 2.394E+01 1.526E+02 1.563E+02 1.191E+06 15.3278 1.00000 1.943E+00
  5.000E+07 5.000E+07 3.714E+00 5.966E+01 8.347E+01 2.683E+01 1.699E+02 1.737E+02 1.222E+06 15.5385 1.00000 1.943E+00
  5.500E+07 5.500E+07 3.726E+00 6.568E+01 9.186E+01 2.976E+01 1.873E+02 1.910E+02 1.249E+06 15.7292 1.00000 1.943E+00
  6.000E+07 6.000E+07 3.736E+00 7.171E+01 1.003E+02 3.271E+01 2.047E+02 2.084E+02 1.274E+06 15.9032 1.00000 1.943E+00
  7.000E+07 7.000E+07 3.756E+00 8.378E+01 1.171E+02 3.868E+01 2.395E+02 2.433E+02 1.318E+06 16.2115 1.00000 1.943E+00
  8.000E+07 8.000E+07 3.773E+00 9.587E+01 1.339E+02 4.472E+01 2.745E+02 2.782E+02 1.357E+06 16.4786 1.00000 1.943E+00
  9.000E+07 9.000E+07 3.787E+00 1.080E+02 1.507E+02 5.082E+01 3.095E+02 3.133E+02 1.391E+06 16.7141 1.00000 1.943E+00
  1.000E+08 1.000E+08 3.801E+00 1.201E+02 1.675E+02 5.697E+01 3.446E+02 3.484E+02 1.421E+06 16.9248 1.00000 1.943E+00
  1.200E+08 1.200E+08 3.824E+00 1.441E+02 2.010E+02 6.837E+01 4.135E+02 4.173E+02 1.473E+06 17.2895 1.00000 1.943E+00
  1.400E+08 1.400E+08 3.844E+00 1.681E+02 2.345E+02 7.976E+01 4.824E+02 4.863E+02 1.518E+06 17.5978 1.00000 1.943E+00
  1.700E+08 1.700E+08 3.869E+00 2.042E+02 2.848E+02 9.686E+01 5.858E+02 5.897E+02 1.574E+06 17.9861 1.00000 1.943E+00
  2.000E+08 2.000E+08 3.891E+00 2.402E+02 3.350E+02 1.139E+02 6.892E+02 6.931E+02 1.621E+06 18.3111 1.00000 1.943E+00
  2.500E+08 2.500E+08 3.920E+00 3.002E+02 4.188E+02 1.424E+02 8.615E+02 8.654E+02 1.685E+06 18.7574 1.00000 1.943E+00
  3.000E+08 3.000E+08 3.945E+00 3.603E+02 5.026E+02 1.709E+02 1.034E+03 1.038E+03 1.738E+06 19.1221 1.00000 1.943E+00
  3.500E+08 3.500E+08 3.966E+00 4.203E+02 5.863E+02 1.994E+02 1.206E+03 1.210E+03 1.782E+06 19.4304 1.00000 1.943E+00
  4.000E+08 4.000E+08 3.984E+00 4.804E+02 6.701E+02 2.279E+02 1.378E+03 1.382E+03 1.821E+06 19.6974 1.00000 1.943E+00
  4.500E+08 4.500E+08 4.000E+00 5.404E+02 7.539E+02 2.564E+02 1.551E+03 1.555E+03 1.855E+06 19.9330 1.00000 1.943E+00
  5.000E+08 5.000E+08 4.014E+00 6.005E+02 8.376E+02 2.849E+02 1.723E+03 1.727E+03 1.885E+06 20.1437 1.00000 1.943E+00
  5.500E+08 5.500E+08 4.027E+00 6.605E+02 9.214E+02 3.134E+02 1.895E+03 1.899E+03 1.913E+06 20.3343 1.00000 1.943E+00
  6.000E+08 6.000E+08 4.040E+00 7.206E+02 1.005E+03 3.418E+02 2.068E+03 2.072E+03 1.938E+06 20.5084 1.00000 1.943E+00
  7.000E+08 7.000E+08 4.061E+00 8.407E+02 1.173E+03 3.988E+02 2.412E+03 2.416E+03 1.983E+06 20.8167 1.00000 1.943E+00
  8.000E+08 8.000E+08 4.080E+00 9.607E+02 1.340E+03 4.558E+02 2.757E+03 2.761E+03 2.022E+06 21.0837 1.00000 1.943E+00
  9.000E+08 9.000E+08 4.096E+00 1.081E+03 1.508E+03 5.128E+02 3.101E+03 3.105E+03 2.056E+06 21.3193 1.00000 1.943E+00
  1.000E+09 1.000E+09 4.111E+00 1.201E+03 1.675E+03 5.697E+02 3.446E+03 3.450E+03 2.086E+06 21.5300 1.00000 1.943E+00